11
1
0 255 0
-300 300 300 20
1
0 255 0
0 0 0 10000
1
255 191 0
2000 -2000 0 300
0
255 0 0
0 0 -500
-500 0 0
0 500 0
0
0 255 0
500 0 0
0 500 0
0 0 500
0
0 0 255
-500 0 0
0 500 0
0 0 500
0
255 255 0
-500 0 0
0 -500 0
0 0 500
0
128 0 255
0 0 -500
500 0 0
0 500 0
0
0 191 255
0 0 -500
0 -500 0
500 0 0
0
255 255 255
0 0 -500
-500 0 0
0 -500 0
0
255 128 0
0 0 500
500 0 0
0 -500 0
5
260 260 0 1e5
1000 -2000 0 5e5
2000 -1700 -100 5e4
6000 -7500 -1200 1e5
-330 330 330 5e4
-1000 0 750
0 0 -1 1500
0.8944 0.447 0 2000
-50000 70000 9000
